-1.000000000000000000e+00 0.000000000000000000e+00 4.295772677141476592e+00
0.000000000000000000e+00 1.000000000000000000e+00 -4.007973831278723864e+00
0.000000000000000000e+00 2.000000000000000000e+00 1.006631551987696049e+00
0.000000000000000000e+00 3.000000000000000000e+00 -4.571010358418824415e-01
0.000000000000000000e+00 4.000000000000000000e+00 2.619298470966711090e-01
0.000000000000000000e+00 5.000000000000000000e+00 -2.161307306831995179e-01
0.000000000000000000e+00 6.000000000000000000e+00 1.134121563468806076e-01
0.000000000000000000e+00 7.000000000000000000e+00 -1.066667233197336195e-01
0.000000000000000000e+00 8.000000000000000000e+00 -1.706044849664990759e-01
0.000000000000000000e+00 9.000000000000000000e+00 -6.966921217866614557e-02
0.000000000000000000e+00 1.000000000000000000e+01 3.152627913554319899e-02
0.000000000000000000e+00 1.100000000000000000e+01 1.081893599825545400e-02
0.000000000000000000e+00 1.200000000000000000e+01 9.273510323423590426e-03
0.000000000000000000e+00 1.300000000000000000e+01 -3.001787325997887657e-03
0.000000000000000000e+00 1.400000000000000000e+01 8.785967169128469200e-05
0.000000000000000000e+00 1.500000000000000000e+01 -2.869335947408346095e-04
0.000000000000000000e+00 1.600000000000000000e+01 1.413619853096721268e-04
0.000000000000000000e+00 1.700000000000000000e+01 -7.967514390204613782e-06
0.000000000000000000e+00 1.800000000000000000e+01 -7.130576309676057124e-06
0.000000000000000000e+00 1.900000000000000000e+01 -3.826027525188686949e-07
0.000000000000000000e+00 2.000000000000000000e+01 1.545372154782831238e-15
1.000000000000000000e+00 1.000000000000000000e+00 -3.148966533541174354e-03
1.000000000000000000e+00 2.000000000000000000e+00 -5.253102389380756750e-03
1.000000000000000000e+00 3.000000000000000000e+00 1.119839044004808729e-02
1.000000000000000000e+00 4.000000000000000000e+00 -2.971756736803785395e-03
1.000000000000000000e+00 5.000000000000000000e+00 -1.450601416494546464e-02
1.000000000000000000e+00 6.000000000000000000e+00 6.941463408184073147e-02
1.000000000000000000e+00 7.000000000000000000e+00 -5.484839171581849804e-02
1.000000000000000000e+00 8.000000000000000000e+00 1.005768921000375071e-01
1.000000000000000000e+00 9.000000000000000000e+00 8.429269901710447280e-03
1.000000000000000000e+00 1.000000000000000000e+01 2.268126054723425267e-02
1.000000000000000000e+00 1.100000000000000000e+01 -1.985582463010621482e-02
1.000000000000000000e+00 1.200000000000000000e+01 -4.339467351167069012e-03
1.000000000000000000e+00 1.300000000000000000e+01 2.105330747658935506e-03
1.000000000000000000e+00 1.400000000000000000e+01 -1.533327327436830869e-04
1.000000000000000000e+00 1.500000000000000000e+01 -5.427331051806815430e-04
1.000000000000000000e+00 1.600000000000000000e+01 1.447319171505851538e-04
1.000000000000000000e+00 1.700000000000000000e+01 2.917629189884693777e-05
1.000000000000000000e+00 1.800000000000000000e+01 4.810308663561440654e-06
1.000000000000000000e+00 1.900000000000000000e+01 3.522663883223738482e-07
1.000000000000000000e+00 2.000000000000000000e+01 -1.645190891579068104e-16
